Automation ramp stress complete
report_version=1
timestamp_local=2026-08-22T13:50:21.1285868+02:00
world=stress_1000
duration_s=70,02
schedule=t10 +20 shovel; t20/t30/t40/t50/t60 +10 shovel +10 drill; hold final fleet to t70
skills=diagnostic_max_all_authored_skills
auto_manual_interval_s=0,20
auto_manual_clicks=350
auto_manual_actions=2191
requested_shovels=70
placed_shovels=70
requested_drills=50
placed_drills=50
final_automation_units=120
automation_work_unit_cap_per_frame=24
automation_nominal_blocks_per_s_final=524,63

[frame_timing_all_70s]
frame_count=3856
average_fps_wall=55,1
average_frame_ms=18,159
frame_p50_ms=15,369
frame_p95_ms=37,831
frame_p99_ms=56,431
frame_max_ms=97,873
frames_over_16_67ms=1722 (44,66%)
frames_over_25ms=723 (18,75%)
frames_over_33_33ms=286 (7,42%)
frames_over_50ms=66 (1,71%)
frames_over_100ms=0 (0,00%)

[full_stress_window_60_to_70s]
frame_count=460
average_frame_ms=21,795
average_fps_wall=45,9
frame_p50_ms=19,649
frame_p95_ms=42,111
frame_p99_ms=52,918
blocks_mined=3750
chunk_builds=529
chunk_build_total_ms=2493,675
sparse_builds=515
sparse_build_total_ms=214,045
render_cpu_avg_ms=3,039
render_gpu_avg_ms=8,466
draw_calls_avg=1579,8
automation_presentation_queued=526
automation_presentation_suppressed=2912

[rendering]
render_cpu_avg_ms=2,509
render_cpu_max_ms=16,287
render_gpu_avg_ms=7,829
render_gpu_max_ms=16,424
render_setup_cpu_avg_ms=0,039
render_setup_cpu_max_ms=0,273
draw_calls_avg=1219,0
draw_calls_max=2037
objects_avg=1664,2
objects_max=2552
primitives_avg=731735,0
primitives_max=1332228
presented_chunks_avg=112,0
backface_culled_chunks_avg=181,9
frustum_culled_chunks_avg=6,7
lod_tree_batches_hidden_avg=0,0
lod_shadow_batches_disabled_avg=227,4

[world_and_mining]
blocks_mined_during_suite=13634
mining_service_operations_delta=13634
remaining_blocks_end=986366
modified_chunks_end=225
sparse_voxel_overrides_end=13634
chunk_builds=3199
chunk_build_total_ms=17523,725
chunk_build_avg_ms=5,478
sparse_overlay_builds=2796
sparse_overlay_total_ms=859,106
sparse_overlay_avg_ms=0,307
dirty_chunks_max=38
pending_chunk_loads_max=353
sparse_pending_max=41
sparse_frontier_max=2377
stream_loads_delta=345
stream_unloads_delta=0
sample_cache_hits_delta=4778877
sample_cache_misses_delta=391485
sample_cache_hit_rate_pct=92,43

[automation_and_feedback]
automation_blocks_per_s_max=576,11
presented_miners_max=45
attention_miners_max=28
deferred_automation_chunks_max=191
automation_presentation_queued_delta=2619
automation_presentation_suppressed_delta=8824
mine_pop_dropped_delta=0
debris_dropped_delta=1671
feedback_spawned_delta=1208
feedback_aggregated_delta=12478
feedback_dropped_delta=12

[memory]
managed_memory_start_mb=26,0
managed_memory_max_mb=64,6
managed_memory_end_mb=41,3
working_set_start_mb=323,7
working_set_max_mb=421,9
working_set_end_mb=424,8
video_memory_start_mb=69,7
video_memory_max_mb=75,2
video_memory_end_mb=74,4
gc_gen0_delta=32
gc_gen1_delta=29
gc_gen2_delta=3

[system]
os=Windows
processor=AMD Ryzen 5 5600 6-Core Processor
processor_threads=12
gpu=NVIDIA GeForce RTX 3070
rendering_method=gl_compatibility
rendering_driver=opengl3
viewport=1280x720

[stage_events]
t=10s requested_shovels=20 placed_shovels=20 requested_drills=0 placed_drills=0 total_units=20
t=20s requested_shovels=10 placed_shovels=10 requested_drills=10 placed_drills=10 total_units=40
t=30s requested_shovels=10 placed_shovels=10 requested_drills=10 placed_drills=10 total_units=60
t=40s requested_shovels=10 placed_shovels=10 requested_drills=10 placed_drills=10 total_units=80
t=50s requested_shovels=10 placed_shovels=10 requested_drills=10 placed_drills=10 total_units=100
t=60s requested_shovels=10 placed_shovels=10 requested_drills=10 placed_drills=10 total_units=120

[timeline_csv]
time_s,fps,last_frame_ms,render_cpu_ms,render_gpu_ms,draw_calls,automation_units,presented_miners,automation_blocks_per_s,mined_voxels,presented_chunks,backface_culled,frustum_culled,dirty_chunks,sparse_pending,sparse_frontier,deferred_automation,managed_mb
0,0,59,0,1,05,0,00,0,00,198,0,0,0,00,0,27,50,0,0,0,0,0,26,0
1,0,52,0,30,29,1,23,5,07,240,0,0,0,00,31,22,83,0,2,2,32,0,20,2
2,0,37,0,28,94,1,24,6,47,279,0,0,0,00,60,26,107,0,1,1,28,0,32,4
3,0,32,0,41,01,1,34,5,53,225,0,0,0,00,88,17,143,0,1,1,39,0,34,0
4,0,31,0,8,70,1,00,3,41,126,0,0,0,00,116,3,185,0,1,1,45,0,35,1
5,0,36,0,31,85,0,97,4,62,168,0,0,0,00,148,15,204,0,3,3,32,0,39,9
6,0,35,0,76,41,1,15,11,45,238,0,0,0,00,184,21,204,0,2,2,57,0,41,0
7,0,29,0,21,99,1,28,16,42,388,0,0,0,00,217,36,204,1,4,4,54,0,43,0
8,0,32,0,12,09,1,87,9,50,903,0,0,0,00,252,102,186,8,1,1,68,0,47,2
9,0,58,0,17,13,2,83,11,28,1354,0,0,0,00,285,162,127,7,2,2,67,0,43,2
10,0,74,0,14,40,2,65,11,27,1363,20,7,73,24,324,159,127,10,1,1,72,0,55,9
11,0,60,0,22,93,3,04,11,19,1342,20,7,73,24,418,159,127,10,2,2,90,16,53,9
12,0,48,0,21,39,2,22,8,35,1081,20,5,73,24,534,119,169,8,7,7,111,21,61,8
13,0,53,0,13,30,2,26,8,46,1120,20,4,73,24,616,119,169,8,1,1,84,23,43,3
14,0,70,0,11,74,2,21,7,14,1069,20,1,73,24,730,104,186,6,2,2,97,30,49,0
15,0,82,0,15,83,1,82,5,52,982,20,2,73,24,835,86,204,6,2,2,90,34,54,0
16,0,101,0,7,77,1,82,5,31,1018,20,2,73,24,920,84,204,8,1,1,90,36,48,0
17,0,109,0,29,08,1,99,5,37,1044,20,2,69,58,1029,86,204,6,1,1,107,38,52,7
18,0,107,0,10,77,1,92,5,78,1065,20,2,69,58,1141,86,204,6,1,1,128,40,57,5
19,0,101,0,11,74,2,10,6,99,1158,20,2,69,58,1233,103,186,7,2,2,126,44,42,1
20,0,88,0,16,88,2,25,6,96,1526,40,10,173,70,1338,150,138,8,8,8,110,42,47,7
21,0,72,0,19,87,3,62,11,03,1669,40,10,173,70,1478,164,127,9,7,7,167,49,41,2
22,0,40,0,24,14,3,10,10,87,1612,40,10,106,20,1608,163,127,10,3,3,164,52,50,3
23,0,42,0,17,17,3,19,10,42,1548,40,11,106,20,1751,166,127,8,1,1,169,54,43,0
24,0,46,0,16,85,2,38,8,19,1235,40,7,106,20,1897,124,169,8,1,1,156,63,50,5
25,0,62,0,8,52,2,08,5,89,986,40,6,106,20,2024,88,208,6,2,2,171,66,56,4
26,0,65,0,12,24,1,90,5,83,1065,40,6,106,20,2164,90,208,5,1,4,185,69,45,7
27,0,83,0,12,89,1,87,5,52,1065,40,6,102,54,2300,88,208,8,7,7,220,74,51,0
28,0,87,0,10,37,1,89,5,59,1098,40,6,102,54,2424,90,208,7,1,1,226,78,56,1
29,0,86,0,8,53,1,93,5,80,1070,40,6,102,54,2558,92,208,5,1,1,242,80,44,9
30,0,87,0,17,24,2,17,5,99,1158,60,11,206,66,2705,109,190,7,1,1,253,80,50,3
31,0,69,0,11,85,2,79,7,02,1147,60,11,206,66,2858,114,190,7,4,4,279,89,40,7
32,0,54,0,24,49,3,32,10,27,1607,60,20,135,50,3032,162,142,8,25,25,470,71,48,4
33,0,31,0,52,83,3,11,10,12,1591,60,20,135,50,3198,162,142,9,22,22,548,73,40,5
34,0,36,0,46,19,2,94,9,86,1526,60,21,135,50,3366,164,142,8,23,23,629,78,48,6
35,0,35,0,17,64,2,34,6,60,1143,60,13,135,50,3539,117,190,8,12,12,502,87,40,6
36,0,41,0,19,44,2,40,7,44,1065,60,10,135,50,3716,93,215,7,3,7,312,90,47,7
37,0,50,0,8,26,2,08,5,54,1134,60,10,135,50,3866,96,215,6,1,1,316,94,53,7
38,0,70,0,9,29,2,29,5,32,1128,60,10,135,50,4038,97,215,7,1,1,368,98,42,5
39,0,74,0,10,02,2,18,5,41,1141,60,12,149,00,4204,97,215,7,5,5,415,100,48,3
40,0,75,0,13,48,2,27,5,73,1169,80,14,253,12,4377,98,215,6,5,5,438,102,54,3
41,0,66,0,16,46,2,13,5,96,1131,80,16,273,37,4578,97,215,7,3,3,446,109,45,0
42,0,58,0,38,08,2,42,6,98,1217,80,18,205,87,4816,116,196,8,3,9,519,111,51,2
43,0,49,0,19,08,3,45,10,44,1689,80,29,205,87,5023,166,148,8,24,24,806,94,42,6
44,0,32,0,24,14,3,49,10,35,1683,80,29,205,87,5255,166,148,8,26,26,1216,102,51,1
45,0,34,0,30,34,3,53,10,13,1614,80,29,205,87,5484,168,148,7,16,21,1318,105,44,5
46,0,32,0,26,00,3,27,9,87,1615,80,29,205,87,5706,168,148,7,23,23,1527,109,53,7
47,0,38,0,46,50,2,57,7,53,1161,80,15,205,87,5924,121,196,7,18,19,1172,117,44,4
48,0,37,0,18,12,2,01,7,38,1005,80,13,205,87,6156,93,225,6,8,8,952,129,50,9
49,0,44,0,16,05,2,13,6,61,1081,80,16,246,37,6359,93,225,6,3,3,820,131,40,5
50,0,54,0,15,71,2,10,5,60,1101,100,20,350,49,6618,91,225,8,5,5,870,131,46,5
51,0,65,0,10,53,2,28,5,96,1192,100,24,377,49,6899,94,225,7,6,6,921,139,52,9
52,0,64,0,14,88,2,49,6,03,1300,100,38,438,24,7168,94,225,7,5,5,910,144,42,8
53,0,51,0,19,83,2,64,7,27,1438,100,41,458,49,7513,115,205,8,4,7,982,150,49,3
54,0,48,0,33,25,3,81,10,65,1901,100,45,458,49,7860,164,157,8,30,30,1290,136,42,1
55,0,36,0,20,54,4,01,11,18,1855,100,45,458,49,8208,162,157,10,15,17,1651,138,50,6
56,0,32,0,24,90,3,69,10,17,1740,100,45,451,74,8541,164,157,8,19,19,1689,143,44,5
57,0,37,0,27,26,3,44,9,95,1719,100,44,458,49,8896,166,157,7,8,14,1607,145,54,9
58,0,36,0,21,13,2,77,6,98,1404,100,33,458,49,9208,120,205,8,4,4,1110,159,47,5
59,0,48,0,23,05,2,24,5,73,1107,100,5,451,74,9545,97,230,6,2,2,753,163,53,9
60,0,73,0,8,52,2,09,5,72,1155,120,8,569,36,9884,97,230,6,1,4,701,170,43,6
61,0,80,0,9,57,2,12,5,96,1179,120,8,576,11,10239,97,230,6,2,2,731,174,50,3
62,0,70,0,15,63,2,25,6,11,1268,120,8,501,86,10621,97,230,6,4,4,765,183,41,0
63,0,55,0,11,14,2,45,6,35,1335,120,8,518,45,11021,97,230,6,1,6,787,189,47,5
64,0,66,0,14,66,2,72,7,63,1466,120,9,498,20,11404,120,207,8,11,11,829,178,54,4
65,0,50,0,22,56,3,93,11,16,1996,120,25,498,20,11778,172,159,9,36,40,1236,150,45,0
66,0,30,0,68,98,3,43,11,27,1999,120,25,504,95,12137,172,159,9,29,32,1509,153,53,5
67,0,32,0,28,80,3,71,11,13,2029,120,25,514,79,12523,172,159,9,32,32,1773,154,46,5
68,0,33,0,27,21,3,88,11,04,1924,120,25,508,04,12895,172,159,9,25,28,2154,154,56,3
69,0,32,0,24,85,2,90,7,94,1429,120,20,524,63,13253,126,207,8,17,20,1967,162,49,5
70,0,39,0,37,80,2,46,6,94,1328,120,19,524,63,13634,100,233,8,14,15,2038,165,41,2
70,0,39,0,37,80,2,46,6,94,1328,120,19,524,63,13634,100,233,8,14,15,2038,165,41,2

[stress_relocation]
relocation_extension_version=2
interval_s=0,25
budget_per_pass=6
local_nearest_manhattan_radius=6
active_mining_front_fallback_radius=8
policy=nearest compatible exposed block; shovel relocation requires dirt-backed surface-edge block; fallback around active center-screen mining front
search_optimization=O(1) occupied-anchor lookup + single voxel/exposure validation + failed-search cooldown
passes_with_attention=205
relocation_attempts=816
relocation_successes=115
relocation_success_rate_pct=14,09
relocation_local_successes=78
relocation_active_front_fallback_successes=37
relocation_failures=701
relocation_cooldown_skips=1041
relocation_candidate_checks=524192
relocation_search_total_ms=3382,086
relocation_search_avg_ms_per_attempt=4,145
relocation_search_max_pass_ms=74,407
relocation_max_search_radius_used=8
attention_miners_max_seen_by_relocator=28
attention_miners_end_seen_by_relocator=13

[relocation_timeline_csv]
time_s,automation_units,attention_miners,relocations_total,relocation_failures_total,cooldown_skips_total,candidate_checks_total,relocation_search_ms_total
1,0,0,0,0,0,0,0,0,000
2,0,0,0,0,0,0,0,0,000
3,0,0,0,0,0,0,0,0,000
4,0,0,0,0,0,0,0,0,000
5,0,0,0,0,0,0,0,0,000
6,0,0,0,0,0,0,0,0,000
7,0,0,0,0,0,0,0,0,000
8,0,0,0,0,0,0,0,0,000
9,0,0,0,0,0,0,0,0,000
10,0,0,0,0,0,0,0,0,000
11,0,20,0,0,0,0,0,0,000
12,0,20,0,0,0,0,0,0,000
13,0,20,0,0,0,0,0,0,000
14,0,20,0,0,0,0,0,0,000
15,0,20,0,0,0,0,0,0,000
16,0,20,0,0,0,0,0,0,000
17,0,20,1,0,0,0,0,0,000
18,0,20,1,0,1,3,720,18,727
19,0,20,1,0,2,6,1440,33,255
20,0,20,1,0,3,9,2160,47,470
21,0,40,1,0,4,12,2880,59,926
22,0,40,11,0,15,30,10800,167,687
23,0,40,11,0,26,63,18720,217,268
24,0,40,11,0,37,96,26640,262,791
25,0,40,11,0,48,129,34560,334,535
26,0,40,11,0,59,151,42480,375,440
27,0,40,12,0,71,184,51120,420,194
28,0,40,12,0,83,220,59760,465,910
29,0,40,12,0,95,256,68400,514,621
30,0,40,12,0,107,292,77040,572,610
31,0,60,12,0,119,328,85680,632,635
32,0,60,23,0,137,345,98640,768,653
33,0,60,23,0,160,368,115200,874,516
34,0,60,23,0,183,391,131760,974,832
35,0,60,23,0,200,414,144000,1050,793
36,0,60,23,0,223,437,160560,1159,011
37,0,60,23,0,246,460,177120,1247,368
38,0,60,23,0,269,483,193680,1327,392
39,0,60,21,2,290,506,209971,1416,675
40,0,60,21,2,311,548,225091,1490,823
41,0,80,18,5,329,584,239654,1562,163
42,0,80,28,5,353,598,256934,1693,063
43,0,80,28,5,371,620,269894,1766,691
44,0,80,28,5,395,624,287174,1874,340
45,0,80,28,5,419,624,304454,1986,957
46,0,80,28,5,443,624,321734,2102,473
47,0,80,28,5,467,624,339014,2203,379
48,0,80,28,5,485,624,351974,2286,303
49,0,80,22,11,503,624,368366,2415,779
50,0,80,22,11,525,646,384206,2501,830
51,0,100,18,15,543,668,399757,2573,355
52,0,100,9,34,546,685,408846,2687,432
53,0,100,6,39,552,700,414833,2725,612
54,0,100,6,40,558,718,419161,2743,422
55,0,100,6,42,564,736,423499,2763,408
56,0,100,7,43,570,748,427827,2784,423
57,0,100,6,46,576,766,432165,2811,908
58,0,100,6,50,582,784,436514,2839,256
59,0,100,5,55,587,800,440274,2864,728
60,0,100,5,58,592,815,443902,2888,512
61,0,120,4,64,596,824,446947,2906,837
62,0,120,15,67,606,832,454574,3013,151
63,0,120,12,74,617,868,462543,3052,921
64,0,120,16,77,630,894,471921,3101,281
65,0,120,16,83,643,920,481318,3150,342
66,0,120,15,90,655,933,490015,3207,065
67,0,120,14,95,663,958,495800,3245,899
68,0,120,15,100,677,983,505922,3292,945
69,0,120,13,110,688,1003,514807,3334,429
70,0,120,13,115,701,1041,524192,3382,086
70,0,0,13,115,701,1041,524192,3382,086
